12
19660121
4
19900919
11
19870925
4
19360112
8
20011228
8
20040730
5
19610920
2
20060715
4
19370405
9
19800817
7
19611208
1
20140106
6
19940420
3
20020414
6
19390318
5
20141203
7
20070930
11
19951004
1
19920425
6
19760114
6
19870925
6
19330512
2
19550124
6
19430302
3
20030807
2
19500108
2
20081005
6
19880808
1
19950107
10
19981027
5
19400716
4
20110619
7
19340913
4
19700509
1
19960706
1
19911231
5
19620405
3
19870520
10
19911231
8
20100910
7
19570402
11
19911231
2
19360112
10
20000407
6
19430302
5
19850320
6
19830424
1
20070429
8
19380405
5
19990726
4
19781229
2
19951004
7
19860126
4
20001028
3
19680512
1
20030817
2
20131104
5
20070930
8
19670414
1
19630220
5
20060726
